   3810534505.5583096                1
   869082949892.14282                2
   46238140607371.812                3
   1021361988243255.9                4
   11691437877106700.                5
   76892990890430880.                6
   3.0215024311004646E+017           7
   6.9514509448197453E+017           8
   8.1523489614988954E+017           9
   1.7591773163877485E+017          10
   4.4408035585866854E+017          11
   18398034307454288.               12
   2.8287476573030400E+017          13
   5.2674048856355130E+017          14
   3.9067838503825664E+017          15
   2.9551671491782291E+017          16
   42297435816967904.               17
   1.4361313274835973E+017          18
   1.5517891860657990E+017          19
   4.8951341434074278E+017          20
   17365267510782186.               21
   76284214351220336.               22
   2.3668501779503251E+017          23
   49560463451651584.               24
   4.7887878109911757E+017          25
   6.5049123721694208E+017          26
   2.3631901191044778E+017          27
   4.0467705865387546E+017          28
   2.7627730949719494E+017          29
   4.0263638174073350E+017          30
   4.0228744330057722E+017          31
   5.6977737970588608E+017          32
   3.7661372374175264E+017          33
   2.9790684445929318E+017          34
   8.8051455974389555E+017          35
   7.6438312213141542E+017          36
   4.3435722320108064E+017          37
   1.6292790184760105E+018          38
   1.6527935319514877E+017          39
   8.1641174052501786E+017          40
   12088329112838272.               41
   1.2899367386983245E+017          42
   3.8643219609279206E+017          43
   46108498788773984.               44
   4.9244429096021459E+017          45
   5.4460751665352531E+017          46
   1.0810477955172933E+018          47
   6.3122939816883776E+017          48
   28959192779802544.               49
   4.2081231660039270E+017          50
   9.2453126796564198E+017          51
   8.7892878126089139E+017          52
   2.3078669489816576E+018          53
   1.5905954831131241E+018          54
   81112109901472304.               55
   2.0817470917429627E+018          56
   1.6034495380507453E+018          57
   2.0934458366599523E+017          58
   7.9695166236035533E+017          59
   3.4560776144318656E+017          60
   1.0637337053472684E+018          61
   8.3212484776227866E+017          62
   15450725569699488.               63
   1.0160618417719480E+018          64
   5.6013479687804608E+017          65
   1.4200651058400765E+017          66
   1.0336428473190819E+018          67
   2.9533798796452832E+017          68
   9.4955552626931430E+017          69
   1.2641445964688681E+018          70
   3.0366818268187898E+017          71
   2.2552177768382426E+017          72
   2.0683793805678175E+018          73
   6.9060664083413965E+017          74
   1.0520093452137548E+018          75
   2.9290541169951680E+017          76
   4.3165796608364038E+017          77
   1.6920874416940653E+017          78
   1.5174584213832714E+018          79
   9.7220077458167155E+017          80
   8.0986246052963738E+017          81
   8.6733171416715418E+017          82
   9.7687547015647014E+017          83
   7.8892515444367936E+017          84
   1.2456279937587022E+017          85
   5.0803141838478547E+017          86
   1.6666145972815032E+018          87
   3.2876733530108026E+017          88
   9.9962396697286246E+017          89
   1.1075657433428969E+018          90
   5.9981946386228890E+017          91
   1.2852347009142577E+018          92
   1.6815540765933932E+018          93
   9.9466321210597658E+017          94
   2.2335019805563617E+018          95
   1.1706482685531804E+018          96
   2.5342544787518182E+018          97
   5.6556279216263219E+017          98
   66658106771713920.               99
   3.1441629104977005E+017         100
   2.2583678624725574E+017         101
   1.0807886603197449E+018         102
   1.6879584794205844E+018         103
   4.2733202696529370E+017         104
   8.3444949028837171E+017         105
   1.0573524882847734E+018         106
   4.0710610416095898E+017         107
   2.0664055273703443E+017         108
   5.8636344432617856E+017         109
   2.3558311080084896E+017         110
   1.1469879570478904E+018         111
   5.3258211592467174E+017         112
   7.6343521867087782E+017         113
   7.6402335530715136E+017         114
   5.0226494166995757E+017         115
   65090164316739344.              116
   4.9827494343244928E+017         117
   3.3370321012964326E+017         118
   8.5968330761017600E+017         119
   1.4344993752447491E+018         120
   1.2948656100200891E+018         121
   1.2583282800840819E+017         122
   1.1179573937249751E+018         123
   4.0846648878885069E+017         124
   1.0295024587109358E+018         125
   1.7265759589732301E+018         126
   2.2211835651416730E+017         127
   3.1814945804928179E+017         128
   4.3384905262071981E+017         129
   6.0411603376571046E+017         130
   2.9499704638368800E+017         131
   4.6638269264801850E+017         132
   2.8448186987819187E+018         133
   89714189293083328.              134
   2.2834565645750784E+018         135
   8.0081583977357901E+017         136
   8.3413246194303258E+017         137
   1.3749814060744192E+017         138
   2.8068054070658320E+017         139
   9.4005176019421939E+017         140
   1.0066653550595341E+018         141
   2.1432531860666693E+018         142
   1.2725554477797338E+018         143
   3.7776032222855789E+017         144
   5.2215262552535859E+017         145
   5.3520556342172307E+017         146
   5.0011897040264346E+017         147
   1.4988632475642429E+018         148
   2.0146233520691693E+017         149
   1.7451919934645164E+018         150
   2.1840525757919590E+017         151
   1.1844259203059604E+018         152
   5.5375682177965517E+017         153
   1.1654768428198339E+018         154
   9.3370378784310067E+017         155
   3.9002817126535616E+017         156
   5.1285119423181222E+017         157
   1.6769807026487864E+018         158
   4.5201141736095898E+017         159
   1.6689886709162522E+017         160
   74535641589082624.              161
   7.6283459489629030E+017         162
   1.2021889247126861E+018         163
   1.7117815319491476E+018         164
   2.8623625058377600E+017         165
   7.3223307374814848E+017         166
   2.1891346004458931E+017         167
   9.1855543458110502E+017         168
   2.1406294659672146E+018         169
   5.4356992662045491E+017         170
   4.8855301961832634E+017         171
   1.2403941468831066E+018         172
   8.9472239030973542E+017         173
   1.9515227865283149E+018         174
   1.5962042782603297E+018         175
   6.1667877179585267E+017         176
   6.9565432357091277E+017         177
   1.8499498414018045E+017         178
   7.6677159979315098E+017         179
   7.8155842029975411E+017         180
   2.1666916271540742E+017         181
   2.9997990608049133E+017         182
   2.5727751956580081E+018         183
   1.3570021139987606E+017         184
   6.5331820092823552E+017         185
   2.0362719611411000E+018         186
   5.3347778981302336E+017         187
   1.6722979764951782E+018         188
   18980257297432400.              189
   2.6598935470638547E+017         190
   4.0037513680296134E+017         191
   6.0400758982946918E+017         192
   1.4287509783476339E+018         193
   2.1008788341758856E+018         194
   15165726148742016.              195
   1.2156641685496494E+017         196
   56908226023601408.              197
   8.8587783826124467E+017         198
   4.1410982147887110E+017         199
   12445434515100048.              200
   9.6735781077980762E+017         201
   5.0912982701111872E+017         202
   9.2943290480201626E+017         203
   1.6676611531016965E+018         204
   2.2579174925007268E+018         205
   2.0711683259807775E+018         206
   1.6124829602430118E+017         207
   3.4724747650663859E+018         208
   2.4117936037008742E+018         209
   6.4607913316434227E+017         210
   1.6398910506812974E+018         211
   9.1205971212084582E+017         212
   1.7859553578227016E+018         213
   7.7510859362416448E+017         214
   2.6511745944623826E+018         215
   3.2877174904396512E+017         216
   7.1845792411821606E+017         217
   1.1143880234502775E+018         218
   1.6759855004220586E+017         219
   2.7088227397816760E+018         220
   1.0096112737641370E+018         221
   4.2962226945278246E+017         222
   8.5039693864045709E+017         223
   1.5856470332765158E+018         224
   2.1406201839578358E+018         225
   5.9562606263345472E+017         226
   7.5687324412417907E+017         227
   5.3154382413992102E+017         228
   2.6456466077808312E+018         229
   1.9892255074427986E+018         230
   7.7138940088417907E+017         231
   1.3759774092493312E+017         232
   2.0985210244324649E+018         233
   1.1268083493114895E+018         234
   2.1863301831732554E+018         235
   1.0362810756572636E+018         236
   1.2672373838008632E+018         237
   1.3232804961420977E+018         238
   1.7815476244847238E+017         239
   6.9700547724707034E+017         240
   1.8030022056673572E+018         241
   2.2467953641576550E+018         242
   3.0597746876799155E+017         243
   1.7767850526960771E+017         244
   2.7143254994625690E+018         245
   2.1058146351417001E+018         246
   1.0659534594453407E+018         247
   5.9128514150480717E+017         248
   1.0125644753537103E+018         249
   1.1068576735819479E+018         250
   5.1224008993748307E+017         251
   1.7502761387245450E+018         252
   2.4768408269228769E+018         253
   5.4811194568664026E+017         254
   1.5164438027333827E+018         255
   1.2806810881975340E+018         256
   7.2486444287488179E+017         257
   1.8560887508569414E+017         258
   2.1261786058387610E+017         259
   1.2930474838487526E+018         260
   2.1397722659645179E+018         261
   1.2695416504387717E+018         262
   1.1108390607173121E+018         263
   6.3276780784533350E+017         264
   5.5591470450709626E+017         265
   4.5672256083510342E+017         266
   1.3778150610207171E+018         267
   8.3860349655646758E+017         268
   95583644035549824.              269
   9.6295894058074112E+017         270
   1.5926216085022392E+018         271
   4.8493462697366815E+018         272
   3.0245574031541990E+017         273
   1.5687294824812922E+017         274
   1.0145239478597684E+018         275
   2.9157759644936589E+017         276
   3.6972642525651827E+017         277
   1.4717314151565056E+017         278
   5.8107316490741683E+017         279
   4.0828964308439718E+017         280
   4.8646413640937312E+017         281
   2.5380270689565763E+018         282
   1.4399128411464596E+018         283
   1.9128912023641738E+018         284
   1528192162369984.0              285
   5.9560515016110182E+017         286
   1.5598759823050066E+018         287
   5.3843258922614426E+017         288
   2.3225010196030244E+018         289
   1.4466300387343304E+018         290
   40581048779363512.              291
   1.5083471795266473E+018         292
   9.0934609327316416E+017         293
   2.9320641470884864E+017         294
   1.9168047259903124E+018         295
   2.7977134620887219E+017         296
   7.0917691703392806E+017         297
   1.7323902125152005E+018         298
   4.1233407544411008E+017         299
   2.4606789052091909E+018         300
   3.9581390153590746E+017         301
   3.0842336574407539E+017         302
   2.7202977513967380E+018         303
   3.9888806791372941E+017         304
   8.5282293571099520E+017         305
   4.6518059291995130E+017         306
   5.9298851332217690E+017         307
   3.4951975742192579E+018         308
   9.1110026668763469E+017         309
   1.1573938909309816E+018         310
   1.2183024340966367E+018         311
   7.1580581957360038E+017         312
   5.9738372773499789E+017         313
   6.1146252566326336E+017         314
   3.9803325707023232E+017         315
   4.5705173911765207E+018         316
   1.5473713128030193E+018         317
   8.5304811115435021E+017         318
   2.1515479611734587E+018         319
   11503375206152320.              320
   1.8999899481667318E+018         321
   1.0260844937866025E+018         322
   2.4315397504267151E+018         323
   1.7306320987015857E+018         324
   1.7171349812480617E+018         325
   1.4631835927862746E+017         326
   7.3650084535393894E+017         327
   1.8622601844647762E+018         328
   1.0766450174060316E+018         329
   6.8971229900429018E+017         330
   1.3999012508618583E+018         331
   8.6987499468314918E+017         332
   1.4214424466504975E+018         333
   4.4965178987136262E+017         334
   1.8262495303104568E+018         335
   1.5881692708466652E+018         336
   2.1765756201074982E+018         337
   1.3589748131881764E+018         338
   1.3459880705739318E+018         339
   1.5288753331713469E+018         340
   5.4061393460282451E+017         341
   1.5246207869357972E+018         342
   1.4099949218316764E+018         343
   58188055522525408.              344
   9.2772148497888397E+017         345
   9.5015804063231334E+017         346
   5.5110902255066387E+017         347
   1.1403313417950874E+018         348
   1.3030181543024014E+017         349
   18762332773583296.              350
   5.9331833655815245E+017         351
   1.0577998090381780E+018         352
   2.1889145586539981E+018         353
   2.4677634500140892E+018         354
   2.0443110244588861E+018         355
   1.8372137325361551E+018         356
   1.3062017072388419E+018         357
   1.8744595692815852E+018         358
   1.4619485060068262E+018         359
   1.5011795144858926E+018         360
   3.7795315139793510E+018         361
   2.9129293791359296E+017         362
   4.8501675232915194E+017         363
   77006743196298880.              364
   3.0633025415391980E+018         365
   1.0778303524798428E+018         366
   32141621456469664.              367
   1.3163697061001359E+018         368
   1.1335844679891547E+018         369
   2.8989436916320266E+018         370
   9.7561403628021107E+017         371
   1.0159228853703439E+018         372
   2.6262386760206428E+018         373
   8.2393318892029722E+017         374
   2.2156337167102213E+018         375
   2.1974582234090665E+018         376
   1.8161893675046077E+018         377
   36213261230223232.              378
   9.3198803779552512E+017         379
   4.0657018859952294E+017         380
   6.7835413950525542E+017         381
   1.0903419186446189E+017         382
   1.1285783168880956E+018         383
   2.2420484881707187E+017         384
   1.7820930938774300E+018         385
   2.4157498440197222E+018         386
   2.0336829642472238E+018         387
   4.3939374223801421E+017         388
   3.1719167901951447E+018         389
   1.6810745698166029E+017         390
   9.7747981621035008E+017         391
   2.2080459921661332E+018         392
   1.1035630932775862E+018         393
   5.9494823465013709E+017         394
   4.5596753053509197E+017         395
   1.7256591931679521E+018         396
   9.6265331186711219E+017         397
   8.9071216271851110E+017         398
   4.5119494815887590E+017         399
   1.2630804679157284E+018         400
   3.0863294997105920E+018         401
   2.1192614188178902E+017         402
   9.8077951612202368E+017         403
   1.1896500296646216E+018         404
   3.7130746632187064E+018         405
   4.4535720951241242E+018         406
   2.2621602477648973E+018         407
   3.8761032038606300E+018         408
   9.6155230580969088E+017         409
   7550469965927952.0              410
   1.3862142619734026E+018         411
   7.8309285016154522E+017         412
   3.6334718945624837E+018         413
   1.7008711368385393E+018         414
   3.7172170993661670E+017         415
   1.5991367441336579E+018         416
   1.5716112295306854E+018         417
   3.3950391660473846E+018         418
   2.7787910650768589E+018         419
   4.1309778929542769E+018         420
   1.1150466066362373E+018         421
   2.1247375032140416E+018         422
   1.2353747535866913E+018         423
   2.4427247237928591E+018         424
   1.0028899933158577E+018         425
   1.4799986607021984E+017         426
   2.5538442095993329E+018         427
   1.9590160847615462E+018         428
   8.5937354870665344E+017         429
   4.2883268506622182E+017         430
   3.8969630387075866E+017         431
   1.5885404191963420E+018         432
   2.1041911002815186E+018         433
   4.4074991142923725E+017         434
   5.1916006465277274E+017         435
   1.0444592034940028E+018         436
   2.0753777780246868E+018         437
   6.0812534435389171E+017         438
   2.0773993360787835E+018         439
   5.5708858455667379E+017         440
   1.4375540685866355E+018         441
   8.0766451632194394E+017         442
   1.0807526559409559E+018         443
   2.1278157275225997E+018         444
   3.0431929191137475E+018         445
   2.2974013839333893E+018         446
   1.2490904337546854E+018         447
   6.1484942857445427E+017         448
   8.3123945704472269E+017         449
   1.0655686821124662E+018         450
   2.8990085015093965E+018         451
   6.5191766460834483E+017         452
   2.4422489594262317E+017         453
   2.0395069578995236E+018         454
   2.3443210500407992E+018         455
   1.2110147496316288E+018         456
   9.5145161746666381E+017         457
   1.6114014234744105E+018         458
   5.2861671059758413E+017         459
   2.3456284596680110E+018         460
   4.7255305635531181E+017         461
   4.3399913915723341E+017         462
   4.7549710287829133E+017         463
   8.5635861030046976E+017         464
   3.7538732699041139E+017         465
   4.4335663170069652E+018         466
   1.8387716757850854E+017         467
   4.3218679538509896E+018         468
   9.6774103601872819E+017         469
   2.4814019650409088E+018         470
   1.0723567413945894E+018         471
   1.5646337116065306E+018         472
   1.2105233348552922E+018         473
   7.2323168743975706E+017         474
   1.7473152438361610E+018         475
   1.0401739491951628E+018         476
   3.6654065894540333E+017         477
   3.8321418466041722E+017         478
   5.2765324060739494E+017         479
   2.8583488222497531E+018         480
   7.7824722600960410E+017         481
   1.1273231102733257E+018         482
   5.6218097430289242E+017         483
   6.4546974633307013E+018         484
   7.6324799887063142E+017         485
   2.6013484783315656E+018         486
   1.2978421067384991E+018         487
   3.5845371278245184E+017         488
   1.7006699677987950E+018         489
   2.0048263409821880E+018         490
   1.4802315709941076E+018         491
   1.8260257173038216E+018         492
   4.9693299880098861E+017         493
   9091063061150976.0              494
   4.8530939388899008E+017         495
   6.3970686607970202E+017         496
   78943285950427328.              497
   4.7206795298486610E+018         498
   2.6399116909494252E+018         499
   2.1478295010777984E+018         500
